0
3
0
2
1
3
0
4
0
6
2
3
3
4
0
14
3
3
1
0
1
2
1
2
1
5
1
3
2
1
0
5
1
11
3
1
1
3
2
4
1
2
1
11
3
5
2
1
5
11
3
27
3
3
1
9
4
5
1
2
9
3
4
25
3
3
11
9
5
23
3
2
2
4
6
7
2
1
2
0
6
8
1
2
2
10
7
9
2
1
4
10
7
26
3
3
2
6
8
10
1
2
6
0
8
11
3
3
2
12
9
10
2
1
10
12
9
24
3
1
12
6
10
12
3
1
5
6
11
18
2
3
6
16
12
19
2
3
12
16
12
46
3
3
7
3
13
14
1
2
7
13
13
15
2
1
3
13
13
25
3
1
7
4
14
16
1
2
7
17
15
17
2
1
13
17
15
29
3
1
7
14
16
17
1
2
14
4
16
26
3
2
17
14
17
52
3
3
8
6
18
19
2
1
8
5
18
20
1
2
8
16
19
21
2
1
8
15
20
22
1
2
15
5
20
27
3
2
8
24
21
22
2
1
16
24
21
28
3
2
24
15
22
50
3
2
20
9
23
30
3
3
11
20
23
42
1
3
10
21
24
37
3
3
12
21
24
45
2
3
13
9
25
31
2
3
14
10
26
35
1
3
15
11
27
40
1
3
16
28
28
48
1
3
28
24
28
62
3
3
13
25
29
33
3
3
17
25
29
57
2
3
18
9
30
31
1
2
18
20
30
32
2
1
18
13
31
33
1
2
18
29
32
34
2
1
20
29
32
55
3
1
18
25
33
34
1
2
29
25
34
51
3
1
19
14
35
36
2
1
19
10
35
37
1
2
19
26
36
38
2
1
14
26
36
52
3
1
19
21
37
39
1
2
19
30
38
39
2
1
26
30
38
68
3
3
30
21
39
56
3
2
22
15
40
41
2
1
22
11
40
42
1
2
22
27
41
43
2
1
15
27
41
50
3
3
22
20
42
44
1
2
22
31
43
44
2
1
27
31
43
53
3
2
31
20
44
55
3
3
23
12
45
46
1
2
23
21
45
47
2
1
23
16
46
48
1
2
23
32
47
49
2
1
21
32
47
56
3
3
23
28
48
49
1
2
32
28
49
54
3
1
24
27
50
63
1
3
25
35
51
58
2
3
29
35
51
71
3
3
26
17
52
59
2
3
27
37
53
65
1
3
37
31
53
70
3
3
28
38
54
64
2
3
32
38
54
77
3
3
29
31
55
69
2
3
30
32
56
75
1
3
33
25
57
58
2
1
33
17
57
59
1
2
33
35
58
60
2
1
33
26
59
61
1
2
33
36
60
61
2
1
35
36
60
67
3
2
36
26
61
68
3
2
34
24
62
63
1
2
34
28
62
64
2
1
34
27
63
65
1
2
34
38
64
66
2
1
34
37
65
66
1
2
38
37
66
79
3
3
35
41
67
73
1
3
41
36
67
76
3
3
36
30
68
74
1
3
39
31
69
70
2
1
39
29
69
71
1
2
39
37
70
72
2
1
39
35
71
73
1
2
39
41
72
73
2
1
37
41
72
79
3
1
40
30
74
75
1
2
40
36
74
76
2
1
40
32
75
77
1
2
40
41
76
78
2
1
40
38
77
78
1
2
41
38
78
79
3
2
