0
3
4
1
0
5
1
3
0
1
5
11
1
9
3
1
11
9
2
0
4
2
4
10
2
6
0
2
10
12
2
12
6
5
0
6
6
12
16
7
3
13
7
4
3
7
13
17
7
14
4
7
17
14
8
5
6
8
6
16
8
15
5
8
16
24
8
24
15
11
20
9
12
10
21
13
3
9
14
10
4
15
11
5
16
28
24
17
13
25
18
9
20
18
13
9
18
20
29
18
25
13
18
29
25
19
10
14
19
14
26
19
21
10
19
26
30
19
30
21
22
11
15
22
15
27
22
20
11
22
27
31
22
31
20
23
12
21
23
16
12
23
21
32
23
28
16
23
32
28
24
27
15
25
29
35
26
14
17
27
37
31
28
32
38
29
20
31
30
32
21
33
17
25
33
25
35
33
26
17
33
35
36
33
36
26
34
24
28
34
27
24
34
28
38
34
37
27
34
38
37
35
41
36
36
30
26
39
29
31
39
31
37
39
35
29
39
37
41
39
41
35
40
30
36
40
32
30
40
36
41
40
38
32
40
41
38
41
37
38
