-1.00000000000000000000000000000000e+00
0.00000000000000000000000000000000e+00
0.00000000000000000000000000000000e+00
-8.50650808352039877746619822573848e-01
0.00000000000000000000000000000000e+00
-5.25731112119133592308628522005165e-01
-8.50650808352039877746619822573848e-01
0.00000000000000000000000000000000e+00
5.25731112119133592308628522005165e-01
-8.09016994374947340240566973079694e-01
-5.00000000000000000000000000000000e-01
-3.09016994374947451262869435595348e-01
-8.09016994374947340240566973079694e-01
-5.00000000000000000000000000000000e-01
3.09016994374947451262869435595348e-01
-8.09016994374947340240566973079694e-01
5.00000000000000000000000000000000e-01
-3.09016994374947451262869435595348e-01
-8.09016994374947340240566973079694e-01
5.00000000000000000000000000000000e-01
3.09016994374947451262869435595348e-01
-5.25731112119133592308628522005165e-01
-8.50650808352039877746619822573848e-01
0.00000000000000000000000000000000e+00
-5.25731112119133592308628522005165e-01
8.50650808352039877746619822573848e-01
0.00000000000000000000000000000000e+00
-5.00000000000000000000000000000000e-01
-3.09016994374947451262869435595348e-01
-8.09016994374947340240566973079694e-01
-5.00000000000000000000000000000000e-01
-3.09016994374947451262869435595348e-01
8.09016994374947340240566973079694e-01
-5.00000000000000000000000000000000e-01
3.09016994374947451262869435595348e-01
-8.09016994374947340240566973079694e-01
-5.00000000000000000000000000000000e-01
3.09016994374947451262869435595348e-01
8.09016994374947340240566973079694e-01
-3.09016994374947451262869435595348e-01
-8.09016994374947340240566973079694e-01
-5.00000000000000000000000000000000e-01
-3.09016994374947451262869435595348e-01
-8.09016994374947340240566973079694e-01
5.00000000000000000000000000000000e-01
-3.09016994374947451262869435595348e-01
8.09016994374947340240566973079694e-01
-5.00000000000000000000000000000000e-01
-3.09016994374947451262869435595348e-01
8.09016994374947340240566973079694e-01
5.00000000000000000000000000000000e-01
0.00000000000000000000000000000000e+00
-1.00000000000000000000000000000000e+00
0.00000000000000000000000000000000e+00
0.00000000000000000000000000000000e+00
-5.25731112119133592308628522005165e-01
-8.50650808352039877746619822573848e-01
0.00000000000000000000000000000000e+00
-5.25731112119133592308628522005165e-01
8.50650808352039877746619822573848e-01
0.00000000000000000000000000000000e+00
0.00000000000000000000000000000000e+00
-1.00000000000000000000000000000000e+00
0.00000000000000000000000000000000e+00
0.00000000000000000000000000000000e+00
1.00000000000000000000000000000000e+00
0.00000000000000000000000000000000e+00
5.25731112119133592308628522005165e-01
-8.50650808352039877746619822573848e-01
0.00000000000000000000000000000000e+00
5.25731112119133592308628522005165e-01
8.50650808352039877746619822573848e-01
0.00000000000000000000000000000000e+00
1.00000000000000000000000000000000e+00
0.00000000000000000000000000000000e+00
3.09016994374947451262869435595348e-01
-8.09016994374947340240566973079694e-01
-5.00000000000000000000000000000000e-01
3.09016994374947451262869435595348e-01
-8.09016994374947340240566973079694e-01
5.00000000000000000000000000000000e-01
3.09016994374947451262869435595348e-01
8.09016994374947340240566973079694e-01
-5.00000000000000000000000000000000e-01
3.09016994374947451262869435595348e-01
8.09016994374947340240566973079694e-01
5.00000000000000000000000000000000e-01
5.00000000000000000000000000000000e-01
-3.09016994374947451262869435595348e-01
-8.09016994374947340240566973079694e-01
5.00000000000000000000000000000000e-01
-3.09016994374947451262869435595348e-01
8.09016994374947340240566973079694e-01
5.00000000000000000000000000000000e-01
3.09016994374947451262869435595348e-01
-8.09016994374947340240566973079694e-01
5.00000000000000000000000000000000e-01
3.09016994374947451262869435595348e-01
8.09016994374947340240566973079694e-01
5.25731112119133592308628522005165e-01
-8.50650808352039877746619822573848e-01
0.00000000000000000000000000000000e+00
5.25731112119133592308628522005165e-01
8.50650808352039877746619822573848e-01
0.00000000000000000000000000000000e+00
8.09016994374947340240566973079694e-01
-5.00000000000000000000000000000000e-01
-3.09016994374947451262869435595348e-01
8.09016994374947340240566973079694e-01
-5.00000000000000000000000000000000e-01
3.09016994374947451262869435595348e-01
8.09016994374947340240566973079694e-01
5.00000000000000000000000000000000e-01
-3.09016994374947451262869435595348e-01
8.09016994374947340240566973079694e-01
5.00000000000000000000000000000000e-01
3.09016994374947451262869435595348e-01
8.50650808352039877746619822573848e-01
0.00000000000000000000000000000000e+00
-5.25731112119133592308628522005165e-01
8.50650808352039877746619822573848e-01
0.00000000000000000000000000000000e+00
5.25731112119133592308628522005165e-01
1.00000000000000000000000000000000e+00
0.00000000000000000000000000000000e+00
0.00000000000000000000000000000000e+00
